service_id,monday,tuesday,wednesday,thursday,friday,saturday,sunday,start_date,end_date
1,1,1,1,1,1,0,0,20170815,20171001
2,0,0,0,0,0,1,0,20170815,20171001
3,0,0,0,0,0,0,1,20170815,20171001
4,1,1,1,1,1,0,0,20170815,20171001
5,1,1,1,1,1,0,0,20170815,20171001
6,0,0,0,0,0,1,0,20170815,20171001
7,0,0,0,0,0,1,0,20170815,20171001
8,0,0,0,0,0,0,1,20170815,20171001
9,0,0,0,0,0,0,1,20170815,20171001
10,1,1,1,1,1,0,0,20170815,20171001
11,0,1,0,0,0,0,0,20170815,20171001
12,1,1,1,1,1,0,0,20170815,20171001
13,0,0,1,0,0,0,0,20170815,20171001
14,0,0,0,1,1,0,0,20170815,20171001
15,0,0,0,0,0,1,0,20170815,20171001
16,0,0,0,0,0,1,0,20170815,20171001
17,0,0,0,0,0,0,1,20170815,20171001
18,1,1,1,1,1,0,0,20170815,20171001
19,0,0,0,0,0,1,0,20170815,20171001
20,1,1,1,1,1,0,0,20170815,20171001
21,0,1,1,1,1,0,0,20170815,20171001
22,0,0,0,0,0,1,0,20170815,20171001
23,0,0,0,0,0,0,1,20170815,20171001
24,0,0,0,0,1,0,0,20170815,20171001
25,0,0,1,0,0,0,0,20170815,20171001
26,1,1,0,1,0,0,0,20170815,20171001
27,1,1,1,1,0,0,0,20170815,20171001
28,1,0,1,0,1,0,0,20170815,20171001
29,0,1,0,1,0,0,0,20170815,20171001
30,0,0,0,0,1,0,0,20170815,20171001
31,0,1,0,1,0,0,0,20170815,20171001
32,0,1,1,1,0,0,0,20170815,20171001
33,0,0,1,0,1,0,0,20170815,20171001
34,0,1,1,0,0,0,0,20170815,20171001
35,1,1,1,1,1,0,0,20170815,20171001
36,1,0,1,1,1,0,0,20170815,20171001
37,0,0,0,0,1,0,0,20170815,20171001
38,1,1,1,0,1,0,0,20170815,20171001
39,0,0,0,1,0,0,0,20170815,20171001
40,0,0,0,0,0,1,0,20170815,20171001
41,0,0,0,0,0,0,1,20170815,20171001
42,0,0,0,0,0,1,0,20170815,20171001
43,0,0,0,0,0,0,1,20170815,20171001
44,1,1,1,1,0,0,0,20170815,20171001
45,0,1,0,0,0,0,0,20170815,20171001
46,0,1,0,1,0,0,0,20170815,20171001
47,1,0,1,0,0,0,0,20170815,20171001
48,0,1,1,0,1,0,0,20170815,20171001
49,0,1,1,0,0,0,0,20170815,20171001
50,1,0,0,1,1,0,0,20170815,20171001
51,1,0,0,0,1,0,0,20170815,20171001
52,1,0,0,1,0,0,0,20170815,20171001
53,0,1,0,0,1,0,0,20170815,20171001
54,1,0,0,0,0,0,0,20170815,20171001
55,1,1,0,1,1,0,0,20170815,20171001
56,0,0,0,1,1,0,0,20170815,20171001
57,1,1,0,0,0,0,0,20170815,20171001
58,1,1,0,1,0,0,0,20170815,20171001
59,0,1,1,1,1,0,0,20170815,20171001
60,1,1,1,1,1,0,0,20170815,20171001
61,0,1,1,0,1,0,0,20170815,20171001
62,1,0,0,1,0,0,0,20170815,20171001
63,1,1,0,1,1,0,0,20170815,20171001
64,0,0,1,0,0,0,0,20170815,20171001
65,0,1,0,1,0,0,0,20170815,20171001
66,0,0,1,0,1,0,0,20170815,20171001
67,1,0,0,0,0,0,0,20170815,20171001
68,0,1,1,1,1,0,0,20170815,20171001
69,1,1,1,0,1,0,0,20170815,20171001
70,1,0,1,1,1,0,0,20170815,20171001
71,0,0,1,1,0,0,0,20170815,20171001
72,1,0,0,0,1,0,0,20170815,20171001
73,0,1,1,1,0,0,0,20170815,20171001
74,1,0,1,0,1,0,0,20170815,20171001
75,0,0,1,0,1,0,0,20170815,20171001
76,0,0,0,0,0,1,0,20170815,20171001
77,0,0,0,0,0,1,0,20170815,20171001
78,0,0,0,0,0,0,1,20170815,20171001
79,0,0,0,0,0,0,1,20170815,20171001
80,1,0,1,1,0,0,0,20170815,20171001
81,1,1,1,0,0,0,0,20170815,20171001
82,0,1,0,1,1,0,0,20170815,20171001
83,1,1,0,0,1,0,0,20170815,20171001
84,0,0,1,1,0,0,0,20170815,20171001
85,0,0,1,1,1,0,0,20170815,20171001
86,0,1,1,1,0,0,0,20170815,20171001
87,1,1,1,1,1,0,0,20170815,20171001
88,0,0,0,0,0,1,0,20170815,20171001
89,0,0,0,1,0,0,0,20170815,20171001
90,1,1,1,1,1,0,0,20170815,20171001
91,1,1,1,1,1,0,0,20170815,20171001
92,0,0,0,0,0,1,0,20170815,20171001
93,0,0,0,0,0,1,0,20170815,20171001
94,0,0,0,0,0,0,1,20170815,20171001
95,0,0,0,0,0,0,1,20170815,20171001
96,1,1,1,1,1,0,0,20170815,20171001
97,1,1,1,1,1,0,0,20170815,20171001
98,1,1,1,1,1,0,0,20170815,20171001
99,0,0,0,0,1,0,0,20170815,20171001
100,0,0,0,0,0,1,0,20170815,20171001
101,0,0,0,0,0,1,0,20170815,20171001
102,0,0,0,0,0,1,0,20170815,20171001
103,0,0,0,0,0,0,1,20170815,20171001
104,0,0,0,0,0,0,1,20170815,20171001
105,0,0,0,0,0,0,1,20170815,20171001
106,0,0,0,0,0,1,0,20170815,20171001
107,0,0,0,0,0,0,1,20170815,20171001
108,0,0,1,0,0,0,0,20170815,20171001
109,0,0,0,1,0,0,0,20170815,20171001
110,0,0,0,0,1,0,0,20170815,20171001
111,0,1,0,0,0,0,0,20170815,20171001
112,1,0,0,0,0,0,0,20170815,20171001
113,1,0,0,0,0,0,0,20170815,20171001
114,1,0,0,0,0,0,0,20170815,20171001
115,1,0,0,0,0,0,0,20170815,20171001
116,0,0,0,0,1,0,0,20170815,20171001
117,0,0,0,0,0,0,1,20170815,20171001
118,1,0,0,0,0,0,0,20170815,20171001
119,0,0,0,1,0,0,0,20170815,20171001
120,1,0,0,0,0,0,0,20170815,20171001
121,0,0,1,0,0,0,0,20170815,20171001
122,0,0,0,0,1,0,0,20170815,20171001
123,0,0,1,0,0,0,0,20170815,20171001
124,0,0,1,0,0,0,0,20170815,20171001
125,0,0,0,0,0,0,1,20170815,20171001
126,0,0,1,0,0,0,0,20170815,20171001
127,0,0,0,1,0,0,0,20170815,20171001
128,0,0,0,0,0,1,0,20170815,20171001
129,0,1,0,0,0,0,0,20170815,20171001
130,1,1,1,1,1,0,0,20170815,20171001
131,1,1,0,1,1,0,0,20170815,20171001
132,0,0,1,0,0,0,0,20170815,20171001
133,1,0,0,0,0,0,0,20170815,20171001
134,0,0,0,0,1,0,0,20170815,20171001
135,0,1,1,1,0,0,0,20170815,20171001
136,1,0,1,0,0,0,0,20170815,20171001
137,0,1,0,1,1,0,0,20170815,20171001
138,1,0,1,0,1,0,0,20170815,20171001
139,0,1,0,1,0,0,0,20170815,20171001
140,1,0,1,0,1,0,0,20170815,20171001
141,0,1,0,1,0,0,0,20170815,20171001
142,0,1,0,0,1,0,0,20170815,20171001
143,0,1,0,0,1,0,0,20170815,20171001
144,0,1,0,0,1,0,0,20170815,20171001
145,0,1,0,0,0,0,0,20170815,20171001
146,1,0,1,1,1,0,0,20170815,20171001
147,0,1,1,1,1,0,0,20170815,20171001
148,1,1,1,1,0,0,0,20170815,20171001
149,1,0,0,1,0,0,0,20170815,20171001
150,1,0,0,1,0,0,0,20170815,20171001
151,1,0,0,0,1,0,0,20170815,20171001
152,0,0,1,0,1,0,0,20170815,20171001
153,0,0,1,0,0,0,0,20170815,20171001
154,1,0,0,0,0,0,0,20170815,20171001
155,0,1,0,0,0,0,0,20170815,20171001
156,0,0,0,1,0,0,0,20170815,20171001
157,1,1,0,1,0,0,0,20170815,20171001
158,1,1,1,1,0,0,0,20170815,20171001
159,1,1,0,0,0,0,0,20170815,20171001
160,0,0,1,1,1,0,0,20170815,20171001
161,1,1,1,1,1,1,1,20170815,20171001
162,0,1,1,1,1,1,1,20170815,20171001
163,0,1,1,1,1,0,0,20170815,20171001
164,1,0,1,1,0,0,0,20170815,20171001
165,0,0,0,1,0,0,0,20170815,20171001
166,1,0,0,1,1,0,0,20170815,20171001
167,0,0,0,1,1,0,0,20170815,20171001
168,0,0,0,1,1,0,0,20170815,20171001
169,0,1,1,0,0,0,0,20170815,20171001
170,0,0,1,1,0,0,0,20170815,20171001
171,1,1,0,0,1,0,0,20170815,20171001
172,1,0,0,0,1,0,0,20170815,20171001
173,1,0,1,1,1,1,0,20170815,20171001
174,1,1,1,0,1,0,0,20170815,20171001
175,1,1,1,1,1,0,0,20170815,20171001
176,0,0,0,0,1,0,0,20170815,20171001
177,1,1,1,1,0,0,0,20170815,20171001
178,1,1,1,0,1,0,0,20170815,20171001
179,1,1,0,1,1,0,0,20170815,20171001
180,0,1,0,1,1,0,0,20170815,20171001
181,1,0,0,1,0,0,0,20170815,20171001
182,1,0,1,1,1,0,0,20170815,20171001
183,0,0,1,0,0,0,0,20170815,20171001
184,0,1,0,0,0,0,0,20170815,20171001
185,0,0,1,0,1,0,0,20170815,20171001
186,1,1,0,1,0,0,0,20170815,20171001
187,0,0,0,0,1,0,0,20170815,20171001
188,0,0,0,1,0,0,0,20170815,20171001
189,1,1,1,0,0,0,0,20170815,20171001
190,0,1,1,0,1,0,0,20170815,20171001
191,1,0,1,0,1,0,0,20170815,20171001
192,0,1,0,1,0,0,0,20170815,20171001
193,0,1,0,1,0,0,0,20170815,20171001
194,0,0,0,0,0,1,0,20170815,20171001
195,0,0,0,0,0,1,0,20170815,20171001
196,0,0,0,0,0,0,1,20170815,20171001
197,0,0,0,0,0,0,1,20170815,20171001
198,1,0,1,0,1,0,0,20170815,20171001
199,1,1,0,1,1,0,0,20170815,20171001
200,1,0,1,0,0,0,0,20170815,20171001
201,0,1,0,0,1,0,0,20170815,20171001
202,1,0,1,1,0,0,0,20170815,20171001
203,1,0,0,0,1,0,0,20170815,20171001
204,0,1,1,1,0,0,0,20170815,20171001
205,1,1,0,0,1,0,0,20170815,20171001
206,0,0,1,1,0,0,0,20170815,20171001
207,1,1,0,0,0,0,0,20170815,20171001
208,0,1,1,1,0,0,0,20170815,20171001
209,0,0,1,1,1,0,0,20170815,20171001
210,1,1,1,1,0,0,0,20170815,20171001
211,1,0,0,0,0,0,0,20170815,20171001
212,0,0,0,0,1,0,0,20170815,20171001
213,0,1,0,0,0,0,0,20170815,20171001
214,0,1,1,1,1,0,0,20170815,20171001
215,0,0,1,0,0,0,0,20170815,20171001
216,0,0,0,0,0,0,1,20170815,20171001
217,0,0,0,1,0,0,0,20170815,20171001
218,0,0,0,0,1,0,0,20170815,20171001
219,0,0,0,0,0,1,0,20170815,20171001
220,0,0,0,0,0,0,1,20170815,20171001
221,1,0,0,1,1,0,0,20170815,20171001
222,1,0,0,0,1,0,0,20170815,20171001
223,0,0,0,0,1,0,0,20170815,20171001
224,0,0,0,0,0,1,0,20170815,20171001
225,1,1,1,1,1,0,0,20170815,20171001
226,1,0,0,0,1,0,0,20170815,20171001
227,1,1,1,1,1,0,0,20170815,20171001
228,0,0,0,1,1,0,0,20170815,20171001
229,1,1,1,1,1,0,0,20170815,20171001
230,1,1,1,1,1,0,0,20170815,20171001
231,0,1,0,0,1,0,0,20170815,20171001
232,1,0,1,0,1,0,0,20170815,20171001
233,0,1,1,0,0,0,0,20170815,20171001
234,1,1,1,1,1,0,0,20170815,20171001
235,1,1,1,1,1,1,0,20170815,20171001
236,1,1,1,1,1,1,1,20170815,20171001
237,0,0,0,0,0,1,1,20170815,20171001
238,1,1,1,1,1,1,1,20170815,20171001
239,0,1,0,0,0,1,0,20170815,20171001
240,1,1,1,1,1,1,0,20170815,20171001
241,1,1,1,1,1,0,1,20170815,20171001
242,1,1,1,1,1,0,1,20170815,20171001
243,1,1,1,1,1,0,0,20170815,20171001
244,0,1,0,1,1,0,0,20170815,20171001
245,0,1,1,1,0,0,0,20170815,20171001
246,1,0,1,0,1,0,0,20170815,20171001
247,0,1,0,1,0,0,0,20170815,20171001
248,1,1,0,1,1,0,0,20170815,20171001
249,0,0,1,0,0,0,0,20170815,20171001
250,0,0,0,0,0,1,1,20170815,20171001
251,0,1,1,0,1,0,0,20170815,20171001
252,1,0,1,1,1,0,0,20170815,20171001
253,1,1,1,0,1,0,0,20170815,20171001
254,1,0,0,0,1,0,0,20170815,20171001
255,0,0,1,1,0,0,0,20170815,20171001
256,1,1,0,1,0,0,0,20170815,20171001
257,0,1,1,1,1,0,0,20170815,20171001
258,1,0,0,1,0,0,0,20170815,20171001
259,0,0,1,0,1,0,0,20170815,20171001
260,0,1,1,0,0,0,0,20170815,20171001
261,1,0,0,1,1,0,0,20170815,20171001
262,0,0,0,0,1,0,0,20170815,20171001
263,0,1,0,1,0,0,0,20170815,20171001
264,1,0,1,0,1,0,0,20170815,20171001
265,0,1,0,0,1,0,0,20170815,20171001
266,1,0,1,0,0,0,0,20170815,20171001
267,0,0,0,1,0,0,0,20170815,20171001
268,1,1,1,1,0,0,0,20170815,20171001
269,0,0,1,1,1,0,0,20170815,20171001
270,1,1,1,1,1,1,1,20170815,20171001
271,1,1,1,1,1,0,1,20170815,20171001
272,0,1,1,1,1,0,1,20170815,20171001
273,1,1,1,1,1,1,1,20170815,20171001
274,0,0,0,0,0,1,1,20170815,20171001
275,0,0,0,0,0,1,1,20170815,20171001
276,0,0,0,1,0,0,0,20170815,20171001
277,0,0,0,0,0,1,0,20170815,20171001
278,0,0,1,1,1,1,0,20170815,20171001
279,0,0,0,0,0,1,1,20170815,20171001
280,0,1,1,0,1,1,1,20170815,20171001
281,0,1,1,1,1,1,0,20170815,20171001
282,0,0,0,0,1,1,0,20170815,20171001
283,1,1,1,1,0,1,1,20170815,20171001
284,0,1,1,1,1,0,0,20170815,20171001
285,0,0,0,0,1,0,1,20170815,20171001
286,1,1,1,1,0,0,0,20170815,20171001
287,1,1,1,1,0,0,1,20170815,20171001
288,0,1,1,1,1,1,1,20170815,20171001
289,0,0,0,0,1,1,1,20170815,20171001
290,1,1,0,1,1,1,0,20170815,20171001
291,1,0,1,1,1,1,0,20170815,20171001
292,1,0,0,0,1,1,0,20170815,20171001
293,0,0,1,1,0,0,0,20170815,20171001
294,1,1,1,0,1,1,1,20170815,20171001
295,1,1,1,0,1,1,0,20170815,20171001
296,0,0,0,1,0,0,1,20170815,20171001
297,1,0,0,0,0,0,1,20170815,20171001
298,0,0,0,0,1,1,0,20170815,20171001
299,0,1,1,1,1,0,1,20170815,20171001
300,1,1,0,0,1,0,1,20170815,20171001
301,1,0,1,1,0,1,1,20170815,20171001
302,0,1,0,0,1,0,0,20170815,20171001
303,1,0,1,1,1,0,0,20170815,20171001
304,1,1,1,1,1,1,1,20170815,20171001
305,0,0,0,0,0,1,1,20170815,20171001
306,0,1,1,0,0,0,0,20170815,20171001
307,1,0,0,1,1,0,0,20170815,20171001
308,0,1,1,1,0,0,0,20170815,20171001
309,1,0,1,1,0,0,0,20170815,20171001
310,0,0,0,0,1,0,0,20170815,20171001
311,0,0,0,0,1,0,0,20170815,20171001
312,0,0,0,0,0,0,1,20170815,20171001
313,1,1,1,1,0,0,0,20170815,20171001
314,1,1,1,1,0,0,0,20170815,20171001
315,1,1,1,1,1,1,0,20170815,20171001
316,1,1,1,1,1,1,0,20170815,20171001
317,1,1,1,1,1,0,0,20170815,20171001
318,1,1,1,1,1,0,0,20170815,20171001
319,0,0,0,0,0,1,1,20170815,20171001
320,1,1,1,1,0,0,0,20170815,20171001
321,1,1,1,1,0,0,0,20170815,20171001
322,0,0,0,0,1,0,0,20170815,20171001
323,0,1,1,0,1,0,0,20170815,20171001
